   1.0000000e-02
   1.0797752e-02
   1.1659144e-02
   1.2589254e-02
   1.3593564e-02
   1.4677993e-02
   1.5848932e-02
   1.7113283e-02
   1.8478498e-02
   1.9952623e-02
   2.1544347e-02
   2.3263051e-02
   2.5118864e-02
   2.7122726e-02
   2.9286446e-02
   3.1622777e-02
   3.4145489e-02
   3.6869451e-02
   3.9810717e-02
   4.2986623e-02
   4.6415888e-02
   5.0118723e-02
   5.4116953e-02
   5.8434141e-02
   6.3095734e-02
   6.8129207e-02
   7.3564225e-02
   7.9432823e-02
   8.5769590e-02
   9.2611873e-02
   1.0000000e-01
   1.0797752e-01
   1.1659144e-01
   1.2589254e-01
   1.3593564e-01
   1.4677993e-01
   1.5848932e-01
   1.7113283e-01
   1.8478498e-01
   1.9952623e-01
   2.1544347e-01
   2.3263051e-01
   2.5118864e-01
   2.7122726e-01
   2.9286446e-01
   3.1622777e-01
   3.4145489e-01
   3.6869451e-01
   3.9810717e-01
   4.2986623e-01
   4.6415888e-01
   5.0118723e-01
   5.4116953e-01
   5.8434141e-01
   6.3095734e-01
   6.8129207e-01
   7.3564225e-01
   7.9432823e-01
   8.5769590e-01
   9.2611873e-01
   1.0000000e+00
   1.0797752e+00
   1.1659144e+00
   1.2589254e+00
   1.3593564e+00
   1.4677993e+00
   1.5848932e+00
   1.7113283e+00
   1.8478498e+00
   1.9952623e+00
   2.1544347e+00
   2.3263051e+00
   2.5118864e+00
   2.7122726e+00
   2.9286446e+00
   3.1622777e+00
   3.4145489e+00
   3.6869451e+00
   3.9810717e+00
   4.2986623e+00
   4.6415888e+00
   5.0118723e+00
   5.4116953e+00
   5.8434141e+00
   6.3095734e+00
   6.8129207e+00
   7.3564225e+00
   7.9432823e+00
   8.5769590e+00
   9.2611873e+00
   1.0000000e+01
   1.0797752e+01
   1.1659144e+01
   1.2589254e+01
   1.3593564e+01
   1.4677993e+01
   1.5848932e+01
   1.7113283e+01
   1.8478498e+01
   1.9952623e+01
   2.1544347e+01
   2.3263051e+01
   2.5118864e+01
   2.7122726e+01
   2.9286446e+01
   3.1622777e+01
   3.4145489e+01
   3.6869451e+01
   3.9810717e+01
   4.2986623e+01
   4.6415888e+01
   5.0118723e+01
   5.4116953e+01
   5.8434141e+01
   6.3095734e+01
   6.8129207e+01
   7.3564225e+01
   7.9432823e+01
   8.5769590e+01
   9.2611873e+01
   1.0000000e+02
   1.0797752e+02
   1.1659144e+02
   1.2589254e+02
   1.3593564e+02
   1.4677993e+02
   1.5848932e+02
   1.7113283e+02
   1.8478498e+02
   1.9952623e+02
   2.1544347e+02
   2.3263051e+02
   2.5118864e+02
   2.7122726e+02
   2.9286446e+02
   3.1622777e+02
   3.4145489e+02
   3.6869451e+02
   3.9810717e+02
   4.2986623e+02
   4.6415888e+02
   5.0118723e+02
   5.4116953e+02
   5.8434141e+02
   6.3095734e+02
   6.8129207e+02
   7.3564225e+02
   7.9432823e+02
   8.5769590e+02
   9.2611873e+02
   1.0000000e+03
