   1.0000000e-02
   1.1006942e-02
   1.2115277e-02
   1.3335214e-02
   1.4677993e-02
   1.6155981e-02
   1.7782794e-02
   1.9573418e-02
   2.1544347e-02
   2.3713737e-02
   2.6101572e-02
   2.8729848e-02
   3.1622777e-02
   3.4807006e-02
   3.8311868e-02
   4.2169650e-02
   4.6415888e-02
   5.1089698e-02
   5.6234133e-02
   6.1896582e-02
   6.8129207e-02
   7.4989421e-02
   8.2540419e-02
   9.0851758e-02
   1.0000000e-01
   1.1006942e-01
   1.2115277e-01
   1.3335214e-01
   1.4677993e-01
   1.6155981e-01
   1.7782794e-01
   1.9573418e-01
   2.1544347e-01
   2.3713737e-01
   2.6101572e-01
   2.8729848e-01
   3.1622777e-01
   3.4807006e-01
   3.8311868e-01
   4.2169650e-01
   4.6415888e-01
   5.1089698e-01
   5.6234133e-01
   6.1896582e-01
   6.8129207e-01
   7.4989421e-01
   8.2540419e-01
   9.0851758e-01
   1.0000000e+00
   1.1006942e+00
   1.2115277e+00
   1.3335214e+00
   1.4677993e+00
   1.6155981e+00
   1.7782794e+00
   1.9573418e+00
   2.1544347e+00
   2.3713737e+00
   2.6101572e+00
   2.8729848e+00
   3.1622777e+00
   3.4807006e+00
   3.8311868e+00
   4.2169650e+00
   4.6415888e+00
   5.1089698e+00
   5.6234133e+00
   6.1896582e+00
   6.8129207e+00
   7.4989421e+00
   8.2540419e+00
   9.0851758e+00
   1.0000000e+01
   1.1006942e+01
   1.2115277e+01
   1.3335214e+01
   1.4677993e+01
   1.6155981e+01
   1.7782794e+01
   1.9573418e+01
   2.1544347e+01
   2.3713737e+01
   2.6101572e+01
   2.8729848e+01
   3.1622777e+01
   3.4807006e+01
   3.8311868e+01
   4.2169650e+01
   4.6415888e+01
   5.1089698e+01
   5.6234133e+01
   6.1896582e+01
   6.8129207e+01
   7.4989421e+01
   8.2540419e+01
   9.0851758e+01
   1.0000000e+02
   1.1006942e+02
   1.2115277e+02
   1.3335214e+02
   1.4677993e+02
   1.6155981e+02
   1.7782794e+02
   1.9573418e+02
   2.1544347e+02
   2.3713737e+02
   2.6101572e+02
   2.8729848e+02
   3.1622777e+02
   3.4807006e+02
   3.8311868e+02
   4.2169650e+02
   4.6415888e+02
   5.1089698e+02
   5.6234133e+02
   6.1896582e+02
   6.8129207e+02
   7.4989421e+02
   8.2540419e+02
   9.0851758e+02
   1.0000000e+03
